Матриця matrix[5,6]:
   7.20    3.20    7.20    1.80   -5.00   -3.40 
   1.00    3.00   -5.00   -1.20    2.20    6.80 
  -8.40    9.60    0.00    4.60    4.20   -7.60 
  -0.20    2.40    6.00   -2.00    2.80   -8.60 
   0.00    2.80   -9.00    3.40   -3.00    6.20 

 Відсортована підголовна матриця(6): 
   3.00    3.20    7.20    1.80   -5.00   -3.40 
   1.00    7.20   -5.00   -1.20    2.20    6.80 
  -8.40    2.40    0.00    4.60    4.20   -7.60 
  -0.20    9.60   -9.00   -2.00   -3.00   -8.60 
   0.00    2.80    6.00    3.40    2.80    6.20